0 816922 810432
7 479694 484015
8 682241 025411
0 994924 977312
0 994924 977312
6 822879 959920
0 721095 632265
6 729083 369555
3 050299 811532
3 050299 811532
6 516172 432098
9 691756 717468
8 651973 693656
1 137597 300691
1 137597 300691
6 471145 557485
2 328454 291132
2 328454 291132
2 328454 291132
6 227841 272685
6 234214 958473
6 234214 958473
7 510319 169570
1 032271 701156
7 276654 911747
9 373308 213658
6 854190 127610
5 166125 032243
4 135609 602013
8 631414 977132
8 631414 977132
8 631414 977132
2 513450 168841
8 135578 042274
5 202835 875098
2 082552 073297
7 999384 645071
3 601766 062447
9 041506 878718
9 041506 878718
9 041506 878718
0 429048 183344
4 475573 254918
7 455292 410700
0 580524 463272
0 580524 463272
0 580524 463272
0 204710 336217
0 204710 336217
9 629047 932962
7 144245 734498
8 990183 244433
6 003722 065375
9 787495 841271
4 465614 934251
7 296685 952977
6 751546 823830
4 603900 532761
6 353588 915094
6 570530 461939
5 416503 921448
0 218449 526368
1 299195 612733
9 005843 619618
9 005843 619618
4 849134 091623
9 200825 359739
5 358510 025484
1 845722 419438
1 845722 419438
7 227890 920482
3 464284 110898
3 464284 110898
1 378619 880832
8 568440 705944
8 568440 705944
0 389632 992694
0 529365 592154
5 160147 149644
5 160147 149644
3 480473 897944
7 341597 161334
1 173648 738266
1 173648 738266
8 011792 928122
8 894570 792678
4 217010 847334
9 826708 167040
4 861158 052183
7 756732 982154
3 804194 904147
5 678828 886608
5 822762 160496
1 429334 792976
1 431372 584147
7 799134 183965
7 131752 388269
7 131752 388269
7 131752 388269
7 131752 388269
9 911358 761547
7 567711 577663
9 203412 810996
9 956634 606235
3 569411 740372
1 533205 316564
2 936860 358983
0 786551 835376
3 414468 978035
9 421812 127180
8 876051 353806
8 876051 353806
4 965653 420208
8 354747 055833
2 254421 676261
