6 516172 432098
3 414468 978035
1 032271 701156
9 203412 810996
7 144245 734498
3 804194 904147
8 631414 977132
5 358510 025484
9 911358 761547
8 631414 977132
7 276654 911747
8 990183 244433
9 041506 878718
4 475573 254918
2 513450 168841
7 131752 388269
9 203412 810996
5 160147 149644
0 529365 592154
0 389632 992694
7 144245 734498
6 516172 432098
9 041506 878718
5 160147 149644
9 041506 878718
8 631414 977132
7 999384 645071
6 234214 958473
1 299195 612733
8 631414 977132
6 751546 823830
5 166125 032243
5 202835 875098
